postcode	median	average
0800	43998	61992
0801	59595	77193
0804	62842	75926
0810	53833	63799
0811	62386	74350
0812	55214	63160
0814	50639	67080
0820	59878	74982
0821	59819	71735
0822	33440	45155
0828	57018	71883
0830	58260	65035
0831	61379	72351
0832	62987	71322
0834	60604	70848
0835	59084	72316
0836	56532	66280
0837	50644	60850
0838	51750	60326
0839	60664	69903
0841	59113	65047
0845	45278	52605
0846	44662	52055
0850	49571	54196
0851	49496	56088
0852	31578	39028
0853	61327	61276
0854	35266	42690
0860	53932	58079
0861	41980	47825
0862	36786	43192
0870	50609	57704
0871	51229	58366
0872	31883	39965
0880	42004	56522
0881	52755	65647
0885	68315	86713
0886	53781	63557
2000	18213	47723
2007	31474	46549
2008	41151	108816
2009	50604	82938
2010	53444	79838
2011	55019	85971
2015	60610	72810
2016	52731	68611
2017	53468	62869
2018	44235	54493
2019	51627	61563
2020	47604	55337
2021	64510	118200
2022	50683	82920
2023	65948	163820
2024	58670	113344
2025	64770	141298
2026	54133	86058
2027	69546	189293
2028	63922	138959
2029	57648	105681
2030	62261	185684
2031	57795	84639
2032	41779	58458
2033	47025	69138
2034	58955	85733
2035	48996	71091
2036	46686	60829
2037	49195	78117
2038	61016	86976
2039	67274	95474
2040	60551	82041
2041	68829	116682
2042	52727	66983
2043	65494	76653
2044	51162	60830
2045	51153	94524
2046	54897	76775
2047	62417	91443
2048	54678	72494
2049	53132	69884
2050	59752	74358
2060	62236	100332
2061	69828	114862
2062	66935	98131
2063	64991	151574
2064	55154	79117
2065	64956	92892
2066	58641	95917
2067	43505	67613
2068	59249	112123
2069	54870	114922
2070	54928	108137
2071	51773	104255
2072	46906	88570
2073	54947	100202
2074	50985	93320
2075	50313	90263
2076	51637	88087
2077	46203	57042
2079	48375	61231
2080	43921	62026
2081	48150	61695
2082	47504	61615
2083	42692	58504
2084	48915	98632
2085	44914	69487
2086	48559	71938
2087	47883	80330
2088	65656	155143
2089	63377	100193
2090	64203	107605
2092	59927	115492
2093	53946	95675
2094	61674	94661
2095	57147	97655
2096	56236	87496
2097	49106	75833
2099	45787	62177
2100	47091	66553
2101	47638	69937
2102	49581	67324
2103	45592	66302
2104	45788	93534
2105	46737	86232
2106	47830	79855
2107	44973	79808
2108	45675	115009
2110	63037	152102
2111	53791	81956
2112	46340	62239
2113	47949	62368
2114	46455	57537
2115	44990	55211
2116	43905	51686
2117	41809	54074
2118	40799	54666
2119	52032	83056
2120	48545	66470
2121	43822	62276
2122	40306	53853
2125	49587	77378
2126	46228	66037
2127	53757	63380
2128	43173	50947
2130	51397	67406
2131	41546	52620
2132	46025	61098
2133	44695	54987
2134	33744	48328
2135	39508	63678
2136	44513	56810
2137	50121	73034
2138	45614	58990
2140	41340	49275
2141	35617	43345
2142	37479	43078
2143	37847	45102
2144	30636	36716
2145	45577	52944
2146	45424	51745
2147	45209	51719
2148	42691	47344
2150	43360	50526
2151	45671	56044
2152	48096	58030
2153	48274	61846
2154	47931	68370
2155	52728	65742
2156	47047	76553
2157	41697	60511
2158	46438	89971
2159	42290	67624
2160	38759	45287
2161	37351	43097
2162	38565	44877
2163	36217	40384
2164	41530	48412
2165	37551	43121
2166	36801	42363
2167	44837	50367
2168	40710	45223
2170	42931	49502
2171	47305	54615
2172	58138	67745
2173	52727	58206
2174	52248	59338
2175	43872	58880
2176	42020	49385
2177	40794	46614
2178	44420	59018
2179	42375	52205
2190	35984	44438
2191	41009	51431
2192	38427	44587
2193	45092	56260
2194	34586	40403
2195	31803	37644
2196	37047	43850
2197	38871	48229
2198	40848	49657
2199	37340	45334
2200	36647	43915
2203	51073	62616
2204	48098	59313
2205	42227	51384
2206	46367	61434
2207	43301	53675
2208	42006	53428
2209	39704	49458
2210	41661	53694
2211	44174	52082
2212	44363	52206
2213	46935	57036
2214	45995	54887
2216	41000	49472
2217	44024	54590
2218	40849	49040
2219	47035	66019
2220	35957	46493
2221	45767	69656
2222	42477	52479
2223	47927	65290
2224	44206	65707
2225	51821	75058
2226	51309	66410
2227	49322	65948
2228	46653	62363
2229	48410	69491
2230	51252	76754
2231	46220	61827
2232	48564	60334
2233	48435	58027
2234	49259	63853
2250	41720	52578
2251	40819	53434
2256	39684	49543
2257	38294	48638
2258	43512	56419
2259	40500	49260
2260	43065	60664
2261	40577	49754
2262	39072	45407
2263	37790	44597
2264	37832	47948
2265	39796	49800
2267	39284	52314
2278	43466	50869
2280	42249	55911
2281	40512	52622
2282	44840	59378
2283	40662	53499
2284	41162	50310
2285	45261	52456
2286	42341	48818
2287	43740	52527
2289	45711	56303
2290	43755	55331
2291	50329	75806
2292	46154	53902
2293	44820	55542
2294	45830	54136
2295	44655	55787
2296	45267	52426
2297	42207	51159
2298	42534	49787
2299	41506	51191
2300	50012	78733
2302	46832	56965
2303	44671	62862
2304	42910	49339
2305	48151	63427
2306	35940	38346
2307	38677	43001
2311	31695	42039
2312	30434	37284
2315	35314	49511
2316	37110	49719
2317	35135	47752
2318	44029	53295
2319	38402	46197
2320	44985	59084
2321	45105	58114
2322	44128	52395
2323	44590	54496
2324	38823	47213
2325	39859	51785
2326	40560	49218
2327	39750	46636
2328	42681	57011
2329	36879	45535
2330	48459	68274
2333	48576	65465
2334	44540	56720
2335	47568	63538
2336	45925	61319
2337	39359	73352
2338	33353	43096
2339	31389	40424
2340	40582	47775
2341	34929	42290
2342	34554	40704
2343	36381	44049
2344	37126	39554
2345	36974	41136
2346	35122	39767
2347	30787	37854
2350	38676	48667
2352	38768	44487
2353	38918	43354
2354	31985	37481
2355	31395	36058
2357	34886	43350
2358	33853	40529
2359	28371	32919
2360	36796	41943
2361	25212	28381
2365	31820	35634
2369	34518	37834
2370	31441	36827
2371	25667	28191
2372	28975	34129
2379	27368	43053
2380	41057	52947
2381	39313	47645
2382	38086	48429
2386	26467	20666
2388	35912	41497
2390	40890	53792
2395	28704	33112
2396	31866	37624
2397	34137	44767
2399	38803	39250
2400	42131	53073
2402	33537	39507
2403	26685	26983
2404	28723	33161
2405	34497	36960
2406	39688	40675
2408	47510	50058
2409	33337	55270
2420	33737	43156
2421	41243	54926
2422	30672	39463
2423	31446	38090
2424	24467	31539
2425	36906	48657
2426	32325	38255
2427	31305	42668
2428	32675	42183
2429	33120	37743
2430	35117	42391
2431	30909	40276
2439	35199	41236
2440	34147	39660
2441	32768	41188
2443	31654	38642
2444	37161	47623
2445	37164	44958
2446	35399	43519
2447	32646	38537
2448	33547	41033
2449	29358	35687
2450	36894	47660
2452	37360	43599
2453	28180	34609
2454	32059	41575
2455	35986	42693
2456	33407	41003
2460	35475	41252
2462	31077	37776
2463	32479	39429
2464	30703	39852
2465	29207	37824
2466	28869	34969
2469	28141	33487
2470	36877	40080
2471	32060	35631
2472	33794	39710
2473	36237	43085
2474	30549	37087
2476	27125	34708
2477	35852	44092
2478	36361	47234
2479	33255	52555
2480	35955	42853
2481	31433	49313
2482	29335	39568
2483	31894	41258
2484	33578	41666
2485	35375	43591
2486	36705	45160
2487	39062	54789
2488	36608	44603
2489	36857	46847
2490	38894	48473
2500	41270	54306
2502	37343	44163
2505	40855	50559
2506	39882	47932
2508	48833	61943
2515	49382	70423
2516	49855	66037
2517	46599	58928
2518	42170	52543
2519	41739	56693
2525	44152	56825
2526	43446	56546
2527	42752	51052
2528	39041	47667
2529	43429	54814
2530	41894	50747
2533	40700	55720
2534	39699	54108
2535	36561	50357
2536	34242	42598
2537	34712	42380
2538	33954	45027
2539	31471	39867
2540	36601	45451
2541	38320	46058
2545	31178	40397
2546	30571	38788
2548	35409	43388
2549	36427	44588
2550	36393	43652
2551	35182	43771
2556	42360	56062
2557	48440	55666
2558	45606	49605
2559	37343	40424
2560	44083	50003
2564	41474	45092
2565	44741	56397
2566	44147	48778
2567	50686	58663
2568	43960	58559
2569	45865	56310
2570	49336	59612
2571	48085	59937
2572	45158	56482
2573	43624	50300
2574	44046	52183
2575	39630	53998
2576	38258	63141
2577	38774	53659
2578	34105	44036
2579	37344	47655
2580	41433	49599
2581	43610	52507
2582	48885	59344
2583	35663	42495
2584	36329	44996
2586	36750	42444
2587	37321	44578
2588	46719	61110
2590	38341	45640
2594	37464	45242
2600	68327	101142
2601	48061	65023
2602	57245	68256
2603	72177	112012
2604	69440	83477
2605	62166	80446
2606	56695	68323
2607	54490	70360
2609	47552	61817
2611	59031	68302
2612	59796	72772
2614	54720	66419
2615	53120	59089
2617	51847	60255
2618	51952	72083
2619	67766	78329
2620	52984	61481
2621	58194	68634
2622	36718	46167
2623	48714	50717
2625	34616	40536
2626	47363	52239
2627	37022	47983
2628	35853	42612
2629	29264	37827
2630	39752	48109
2631	36254	48968
2632	40432	46239
2633	32496	43793
2640	42688	54856
2641	39114	44045
2642	39747	47621
2643	37013	42473
2644	37485	48710
2645	36989	47794
2646	37875	46176
2647	36851	43801
2648	33282	40774
2650	43667	52709
2651	45211	48107
2652	39850	47433
2653	39978	46410
2655	38924	45218
2656	40233	47242
2658	33531	39626
2659	36539	43684
2660	37791	45142
2663	40294	46699
2665	32896	40493
2666	37139	43661
2668	32291	45221
2669	36776	45225
2671	37628	48909
2672	37626	48064
2675	39183	47541
2680	40062	46804
2681	40226	47644
2700	37021	43469
2701	41385	47472
2702	39737	50036
2703	39833	41905
2705	40382	44748
2706	40939	42618
2707	37436	44477
2710	37307	44387
2711	36791	43248
2712	36163	46227
2713	33530	39912
2714	32870	40609
2715	39123	44719
2716	37017	45672
2717	34242	40032
2720	42435	50659
2722	36905	45209
2727	32966	46852
2729	39275	49583
2730	36168	40123
2731	37967	47575
2732	32116	43000
2733	36451	45532
2736	32253	39396
2737	37385	40735
2738	41075	50933
2739	36848	42466
2745	51748	61006
2747	46085	50980
2748	47232	63040
2749	48524	56104
2750	46842	53681
2752	47179	54352
2753	44248	54435
2754	42538	51439
2756	45745	54996
2757	39092	49972
2758	46079	57273
2759	47527	52582
2760	44569	47822
2761	46277	50164
2762	48029	55770
2763	48768	54253
2765	44398	54652
2766	44517	48943
2767	45770	50192
2768	51291	59747
2769	59211	66308
2770	40922	44219
2773	49316	65076
2774	47699	58905
2775	38323	51633
2776	47229	56147
2777	45990	56627
2778	45799	55351
2779	43382	51507
2780	36251	47036
2782	39988	52985
2783	40461	48051
2784	42016	51372
2785	36525	47593
2786	36967	49875
2787	41951	47897
2790	41815	53843
2792	38639	54040
2793	33876	50091
2794	35985	42461
2795	43048	52396
2797	36202	41250
2798	43927	60440
2799	40265	47633
2800	43634	55016
2804	36212	43041
2805	36434	39205
2806	37627	45718
2810	35071	42885
2818	38339	43190
2820	36522	43829
2821	37657	44359
2823	37609	45097
2824	40911	50675
2825	44860	55670
2827	35892	42831
2828	31052	39760
2829	38279	42864
2830	42720	50402
2831	35877	41851
2832	33998	31898
2833	32853	35613
2834	29383	34765
2835	53841	68156
2836	41290	49299
2839	38263	41887
2840	42653	47819
2842	28361	36071
2843	34080	40558
2844	34510	43349
2845	42800	54312
2847	41602	53103
2848	33114	44321
2849	31100	39923
2850	39113	52964
2852	35835	49724
2864	38167	45788
2865	39985	45703
2866	38731	47222
2867	34172	41372
2868	34038	44594
2869	33235	40131
2870	39634	48402
2871	38690	46386
2873	39803	47693
2874	34460	40428
2875	33557	40300
2876	32296	37682
2877	37677	44109
2879	41576	53192
2880	42273	51951
2898	35821	46397
2900	56535	62703
2902	53911	62305
2903	53211	60556
2904	57381	66650
2905	54274	60258
2906	56430	61792
2911	61148	66445
2912	52349	58678
2913	57095	63791
2914	60900	66536
3000	28654	50108
3002	61008	114843
3003	44615	58095
3004	53768	86624
3006	49880	71389
3008	51089	72583
3011	41605	50543
3012	44669	52091
3013	53881	66550
3015	54599	67041
3016	54661	77520
3018	47350	56915
3019	35579	40139
3020	36874	41929
3021	36143	39793
3022	40347	44075
3023	43331	49158
3024	44846	48763
3025	43381	51182
3027	47975	55187
3028	43115	48213
3029	42845	47662
3030	45475	54100
3031	50110	61430
3032	47752	61552
3033	43501	54614
3034	43288	52573
3036	45892	61919
3037	43473	49491
3038	42801	50939
3039	51700	69624
3040	49745	70504
3041	48414	63709
3042	45690	54675
3043	43137	51087
3044	46387	55753
3046	40418	47018
3047	33408	37610
3048	33115	37593
3049	43656	51182
3051	40702	61061
3052	40460	62960
3053	36499	53638
3054	48284	77077
3055	44987	55752
3056	45476	56437
3057	47292	57766
3058	42944	53067
3059	43959	55366
3060	35474	42633
3061	33440	40117
3063	46640	58183
3064	41277	45665
3065	47406	67770
3066	46295	59956
3067	49962	62268
3068	51748	74669
3070	49497	66375
3071	45779	56633
3072	42447	51160
3073	40148	46521
3074	37000	41457
3075	37455	42247
3076	40506	45197
3078	49254	70651
3079	52972	89478
3081	39644	46943
3082	41755	47896
3083	38285	46647
3084	46069	64649
3085	46780	57883
3087	45935	53322
3088	45685	55031
3089	46857	58366
3090	49269	75247
3091	43986	89362
3093	48405	73712
3094	46790	55882
3095	46694	63081
3096	43116	53940
3097	43231	76757
3099	41123	53006
3101	52080	99748
3102	49874	75983
3103	45003	80814
3104	45007	72038
3105	41793	59308
3106	42626	68688
3107	40310	56498
3108	37716	53626
3109	37917	51698
3111	42915	63555
3113	46880	68738
3114	47158	87483
3115	45310	74366
3116	41845	52608
3121	55203	73815
3122	52567	94210
3123	53758	90680
3124	50211	89185
3125	37535	53144
3126	55105	115520
3127	50370	82247
3128	37254	51545
3129	41789	57237
3130	43270	58586
3131	41030	51891
3132	44724	54941
3133	40604	53480
3134	43584	56413
3135	43678	53050
3136	43167	51567
3137	42312	48812
3138	42985	49123
3139	39879	49376
3140	42726	51398
3141	54170	98625
3142	63627	173808
3143	56358	107661
3144	59363	115791
3145	51011	84926
3146	53401	85749
3147	47233	69052
3148	41639	51671
3149	41627	56715
3150	38942	55324
3151	36914	48382
3152	41540	51985
3153	42919	48026
3154	43791	50912
3155	42362	47550
3156	43691	52505
3158	43042	51435
3159	42832	53361
3160	43095	52712
3161	53577	89009
3162	48657	74979
3163	46682	59180
3165	45399	58093
3166	45283	54508
3167	41650	50754
3168	34314	42076
3169	37856	43071
3170	41867	51195
3171	31979	36421
3172	38916	46429
3173	41267	47573
3174	37496	40574
3175	36465	40953
3177	36632	38991
3178	43910	53134
3179	41612	49427
3180	41768	48928
3181	52670	71369
3182	47902	65309
3183	47956	65133
3184	55780	79893
3185	50762	78790
3186	58730	124009
3187	50169	84177
3188	51005	87558
3189	43008	54703
3190	46946	62470
3191	54534	88127
3192	44210	56035
3193	49065	83192
3194	45499	59634
3195	47544	60446
3196	46501	54116
3197	45566	59671
3198	43148	48420
3199	40376	48904
3200	38435	40392
3201	42678	46591
3202	46138	58630
3204	46759	64204
3205	55112	80476
3206	62121	119353
3207	63017	91174
3211	43304	56645
3212	42038	51142
3213	38691	50292
3214	37035	41267
3215	40200	48825
3216	40604	51805
3217	45960	52049
3218	43252	53908
3219	39119	45593
3220	45055	68868
3221	43003	62429
3222	37428	47568
3223	34125	45070
3224	41161	49032
3225	36209	56010
3226	40022	52048
3227	41984	62930
3228	42403	59902
3230	34692	45218
3231	34690	54999
3232	31759	44280
3233	29778	37620
3235	33600	41532
3239	35441	40313
3240	39122	50936
3241	35489	43358
3242	33367	39470
3243	28877	50404
3249	35412	41756
3250	37938	43369
3251	33844	41709
3260	35395	42572
3264	37669	44473
3265	39862	46164
3266	36838	42598
3268	35651	44342
3269	34871	49196
3272	32952	38500
3275	38046	43829
3276	36638	43355
3277	40088	52765
3280	38111	46152
3281	38780	47753
3282	37809	43708
3283	38471	46038
3284	35387	46393
3285	34146	47146
3286	33110	40746
3287	32752	38989
3289	37205	41374
3293	33443	36652
3294	28996	37680
3300	36856	43801
3301	36474	40656
3302	36058	51627
3303	34354	47199
3304	37799	43375
3305	39597	50525
3311	33957	40064
3312	31905	38039
3314	31457	43184
3315	33517	38384
3318	35626	40536
3319	32495	37286
3321	40803	49043
3324	34899	39848
3325	35055	45123
3328	44625	51139
3331	42830	50314
3332	38861	45542
3333	38117	49134
3334	38758	44890
3335	46904	50172
3337	42027	46517
3338	43903	48228
3340	44148	52784
3341	43878	54336
3342	40593	49206
3345	44240	53005
3350	40608	50998
3351	37435	43794
3352	39662	47952
3355	37080	44194
3356	37956	41636
3357	42179	53392
3360	33868	40499
3361	30592	34390
3363	36122	43698
3364	35022	44308
3370	33356	38094
3371	33130	37254
3373	32006	37324
3377	37371	42716
3379	33502	45810
3380	36843	43150
3381	32772	40695
3384	27337	34398
3385	31136	37574
3387	27585	32606
3388	33302	42599
3390	34497	36768
3392	27929	32743
3393	35191	40048
3395	29614	34073
3396	31528	41196
3400	37656	44447
3401	35140	40381
3407	33555	39643
3409	35653	38923
3414	39124	45794
3418	36109	42587
3419	36241	41421
3424	37615	42497
3427	43956	51479
3428	39991	51027
3429	44684	52447
3431	45356	54632
3434	43633	55737
3435	41030	49279
3437	45910	59732
3438	46212	60145
3440	45520	64622
3441	49120	79683
3442	43045	60002
3444	37993	48356
3446	37111	44296
3447	34946	42958
3448	32053	43793
3450	34940	42816
3451	36133	42434
3453	37042	44949
3458	35908	49194
3460	33961	44745
3461	32966	43007
3462	32603	41223
3463	32769	41122
3464	32725	37599
3465	33993	38299
3467	33055	37552
3472	27204	34895
3477	28444	35139
3478	33583	38995
3480	31130	36974
3483	27374	33923
3490	32279	38376
3494	35307	36974
3496	35916	39560
3498	38093	45426
3500	37767	44149
3501	38931	45749
3505	35102	40505
3512	33718	39405
3515	39993	45298
3516	34222	41332
3517	32449	39509
3518	28553	33609
3521	42141	45536
3523	34020	41403
3525	27747	31184
3527	25334	23687
3533	35516	43646
3537	34420	40164
3546	38452	42645
3549	34215	40041
3550	39007	48886
3551	42474	51334
3555	38890	44515
3556	37548	41501
3557	37234	43684
3558	34023	41776
3559	34392	44715
3561	37010	44207
3563	34317	36159
3564	38546	46093
3566	33956	39802
3567	37272	40056
3568	35087	41516
3570	37362	43721
3573	35412	38318
3575	33570	37737
3579	33020	37652
3580	32552	37041
3584	35845	40572
3585	37734	43810
3586	33726	37243
3594	29327	34671
3595	30594	35518
3597	41406	45642
3608	37433	46377
3610	35394	41454
3612	33594	39991
3614	41069	48796
3616	37174	43719
3618	31642	35274
3620	35608	41379
3621	33642	37462
3622	31277	37487
3623	29754	36678
3624	33221	35790
3629	36242	39334
3630	36861	44063
3631	39031	48131
3633	38167	42965
3634	35068	39135
3635	32692	35737
3636	36143	42366
3637	30970	34475
3638	34644	41819
3639	30192	36020
3640	29722	38733
3641	36817	41765
3644	37303	43183
3646	35396	40126
3649	31862	37187
3658	40031	47499
3659	36439	51246
3660	37856	44085
3662	63560	59864
3664	35125	42931
3665	33715	40225
3666	34028	40342
3669	31756	38629
3670	33917	42134
3672	36092	42480
3673	31271	38693
3675	35795	42161
3677	39072	45135
3678	36993	46159
3682	40120	47446
3683	42818	45089
3685	39909	48411
3687	41539	47890
3688	41367	47910
3690	42326	48173
3691	44157	51819
3695	35968	41939
3697	32244	41713
3698	34990	44380
3699	32204	38840
3700	36270	42095
3701	34061	41736
3707	34108	42058
3711	31091	39456
3712	35900	41766
3713	31444	36614
3714	33020	42529
3717	33842	42843
3719	28269	36448
3720	31287	37985
3722	33545	42404
3723	28838	39565
3725	30392	41098
3726	28343	34817
3727	29429	33376
3728	35629	40521
3730	35556	42928
3732	29753	38755
3735	33922	39969
3737	35539	41737
3740	36510	40242
3741	31966	40738
3744	30232	43580
3746	36506	46126
3747	37801	45173
3749	38482	50115
3750	44293	48716
3752	44433	50494
3753	47108	53452
3754	46838	52799
3756	45165	50807
3757	41811	50663
3758	43233	50799
3759	42802	58407
3760	43391	53799
3761	39060	50615
3763	39871	44802
3764	42032	50882
3765	44020	54764
3766	41316	50057
3767	38440	50706
3770	43219	64955
3775	41486	52779
3777	38480	46542
3779	24989	30487
3781	43119	51307
3782	41037	52645
3783	42125	50727
3786	47336	61443
3787	43338	55306
3788	42433	63841
3791	40406	53986
3792	42744	60426
3793	37850	46229
3795	38619	49452
3796	41642	48614
3797	37100	43574
3799	35950	41070
3802	40598	46032
3803	38852	43854
3804	43620	59697
3805	42473	47775
3806	44926	56102
3807	45350	58469
3808	46314	64233
3809	46514	51859
3810	42491	47593
3812	40253	48665
3813	38943	48126
3814	38351	47280
3815	38682	48885
3816	38046	43928
3818	37539	44194
3820	38277	48954
3821	37243	48192
3822	41558	49287
3823	38444	48319
3824	40514	51251
3825	38345	49611
3831	36613	45861
3835	33422	45378
3840	39407	50325
3842	39205	50744
3844	44622	57779
3847	39260	48188
3850	39663	54916
3851	36527	50898
3854	43398	59725
3856	43121	58817
3857	37806	44026
3858	37449	46582
3859	34766	45136
3860	37950	48685
3862	37900	49499
3865	39251	44656
3869	40735	56071
3870	35224	45449
3871	35523	45534
3873	35679	47089
3874	33065	95100
3875	36868	43989
3878	35707	45564
3880	31362	41284
3882	34032	42489
3885	33765	40377
3888	34674	42615
3892	31322	39264
3896	36292	43498
3898	30259	36966
3902	32886	42103
3903	36197	44303
3904	31944	42104
3909	32850	41103
3910	43308	50670
3911	39970	49899
3912	41226	49259
3913	41369	52560
3915	38295	45935
3916	39135	65548
3918	40945	49526
3919	37469	43766
3920	41812	45634
3922	32088	41215
3923	31641	42438
3925	35741	44520
3926	39137	56804
3927	38645	55274
3928	39850	87169
3929	39516	76229
3930	46869	73387
3931	39802	53223
3933	39503	58506
3934	41893	60827
3936	37426	49939
3937	38947	64084
3938	35967	48496
3939	35562	43638
3940	32672	40816
3941	35081	43426
3942	35542	49082
3943	35406	77798
3944	56207	156669
3945	34837	44130
3950	36528	43732
3951	35503	41798
3953	37242	45607
3954	34357	52393
3956	32207	41832
3959	29862	41136
3960	31775	42345
3962	28924	37061
3966	32839	43754
3971	34950	43348
3975	44655	49600
3976	39998	42447
3977	43237	48025
3978	46845	51254
3979	32831	38856
3980	43076	48625
3981	38882	46951
3984	35677	42903
3987	37001	44393
3988	32065	45862
3991	27882	33855
3992	33198	38713
3995	33874	40375
3996	34654	45777
4000	36507	62920
4005	58366	91944
4006	49241	76099
4007	56197	103320
4008	51643	63853
4010	50205	63996
4011	53181	85981
4012	51690	65139
4013	49846	61210
4014	48232	56549
4017	46656	55202
4018	45984	51049
4019	42899	51317
4020	41826	54888
4021	39970	45653
4022	40599	46028
4030	50024	68772
4031	52981	65723
4032	44038	52733
4034	44968	54296
4035	49251	64640
4036	45542	50498
4037	52135	62710
4051	54057	73416
4053	49475	59100
4054	45205	53170
4055	49988	60924
4059	48441	66856
4060	54390	81783
4061	49701	68539
4064	53220	91718
4065	55971	89431
4066	47492	69858
4067	39485	77990
4068	46546	78039
4069	51069	84996
4070	48838	63864
4073	52131	69627
4074	46709	59074
4075	50960	76805
4076	39898	44986
4077	38505	42486
4078	46574	52585
4101	45414	67003
4102	41504	53164
4103	44441	57164
4104	51223	74481
4105	48111	61100
4106	42420	48840
4107	44611	50357
4108	38645	46209
4109	33113	44935
4110	42336	47315
4111	38065	45457
4112	40513	52009
4113	36952	46370
4114	37708	39564
4115	44777	52101
4116	40246	48849
4117	44631	48485
4118	43669	48297
4119	42321	51722
4120	48610	58772
4121	52483	67536
4122	42828	52811
4123	45846	54119
4124	45301	51744
4125	40456	49268
4127	43093	50327
4128	46283	54140
4129	44104	49606
4130	44872	55700
4131	40655	44245
4132	41111	43850
4133	41860	46879
4151	51233	68402
4152	50166	67187
4153	50305	66695
4154	56604	73797
4155	51300	95514
4156	50045	72748
4157	44874	52980
4158	46005	53880
4159	45603	56304
4160	46809	61813
4161	44238	50830
4163	43762	62898
4164	46612	59885
4165	45502	55695
4169	48925	72297
4170	52988	69924
4171	60730	97531
4172	51203	61978
4173	48387	54530
4174	47546	54109
4178	46474	57089
4179	49053	63595
4183	36246	47364
4184	30532	39151
4205	41228	44596
4207	41765	47904
4208	45953	53397
4209	43040	51585
4210	43391	52245
4211	40425	48982
4212	42225	63951
4213	40000	53918
4214	39267	48950
4215	36127	44547
4216	39629	56244
4217	35817	56092
4218	39854	56862
4219	33324	51367
4220	40514	52737
4221	39812	50842
4223	38826	52697
4224	40520	52377
4225	37096	49897
4226	38991	49485
4227	40352	50396
4228	39764	54473
4230	28498	40377
4270	43924	51977
4271	37000	47108
4272	35223	49059
4275	38387	46719
4280	44562	51542
4285	40380	48633
4287	32631	39763
4300	46760	52784
4301	43122	46146
4303	40071	42647
4304	41656	45706
4305	43961	48952
4306	46376	54574
4307	37381	44331
4309	35473	43495
4310	35239	41173
4311	38411	43963
4312	34031	42365
4313	31087	37039
4340	38167	44178
4341	40260	45818
4342	36754	43307
4343	32904	39016
4344	38493	43939
4346	41357	49037
4347	37974	43231
4350	42642	51977
4352	43175	51885
4353	30450	36314
4354	39416	44234
4355	30580	36784
4356	36605	43850
4357	35783	41709
4358	38805	46464
4359	38201	41868
4360	32586	37836
4361	28843	36866
4362	32543	38410
4363	38349	46572
4364	46605	55808
4365	29121	34362
4370	35799	40551
4371	30006	35033
4373	31365	36317
4374	31993	37110
4377	28249	32023
4380	29872	35821
4381	30752	35252
4382	28946	34725
4383	29506	31849
4385	32974	36637
4387	32078	36809
4388	25462	31032
4390	39488	46174
4400	42272	51914
4401	41891	44602
4403	36400	42607
4404	38120	43535
4405	42779	50930
4406	28358	39205
4407	30402	41529
4408	28227	32195
4410	30810	36651
4413	44098	55066
4415	37912	46150
4416	37093	39919
4417	39165	41893
4419	33210	34541
4420	34618	39406
4421	35368	41959
4422	30741	36412
4428	29471	37172
4454	31688	37549
4455	46640	52971
4465	31218	35424
4468	25413	29419
4470	40731	43804
4472	37215	41463
4477	28988	32465
4478	34947	37130
4480	39795	45210
4486	34162	34860
4487	38574	44823
4490	34721	37165
4497	26028	31695
4500	46221	53686
4501	42475	47403
4502	44807	51647
4503	45033	51681
4504	46448	53904
4505	42549	50104
4506	39630	45666
4507	34273	45697
4508	40035	44739
4509	48458	57476
4510	37813	44946
4511	37709	45760
4512	39810	48895
4514	39004	47451
4515	38612	44515
4516	40568	48613
4517	41903	51643
4518	37801	46844
4519	37006	59622
4520	49356	73133
4521	45625	58242
4550	37236	45423
4551	38057	49833
4552	30905	43547
4553	39313	50612
4554	38175	52554
4555	38594	49047
4556	38801	53776
4557	39658	51074
4558	37001	47374
4559	38447	49308
4560	37266	46158
4561	37613	47953
4562	35106	47738
4563	35582	48261
4564	38205	48225
4565	34730	44179
4566	35278	51627
4567	35513	53743
4568	35565	45843
4569	33868	42689
4570	34658	42438
4571	29063	39268
4572	40229	58568
4573	39007	52358
4574	33529	41908
4575	40296	56124
4580	27345	37918
4581	30080	37791
4600	29638	40143
4601	24447	28286
4605	32221	36538
4606	34944	38883
4608	34175	39498
4610	37310	45289
4613	25209	31005
4614	32645	39567
4615	32537	40263
4620	26266	34641
4621	27893	34672
4625	27648	34991
4626	27491	31000
4627	31874	37989
4630	28868	36627
4650	37243	44194
4655	35384	44763
4659	32484	40797
4660	29231	39561
4662	35536	39044
4670	37118	45929
4671	28375	38575
4673	28839	35950
4674	29466	44773
4677	35532	52723
4678	41987	58702
4680	62495	81976
4695	53203	65425
4699	43167	48176
4700	46368	60244
4701	46788	55369
4702	43970	54430
4703	44933	59675
4705	32782	42956
4709	88488	101954
4710	41510	55193
4711	50968	64000
4712	43426	56967
4713	35044	40787
4714	40374	49428
4715	48141	61936
4716	41228	52136
4717	73346	84807
4718	46922	60592
4719	36180	42828
4720	51335	67804
4721	47681	61270
4722	41294	53246
4723	46904	59316
4724	37943	40273
4725	41866	48277
4726	31606	28632
4730	40175	46670
4735	37826	39056
4737	46943	60088
4738	41783	53087
4740	50138	63825
4741	45969	60279
4742	46362	56530
4743	74288	84224
4744	77455	91998
4745	72588	84835
4746	79021	91967
4750	51271	65478
4751	51322	63607
4753	54172	67781
4754	48075	60988
4756	36645	46450
4798	39019	53349
4799	35608	49252
4800	40564	51421
4801	31824	33498
4802	39666	51470
4803	40116	42695
4804	45446	56937
4805	35035	48628
4806	41508	48366
4807	39749	49413
4808	42628	48008
4809	40412	45639
4810	50037	64391
4811	49226	57717
4812	45922	55113
4813	55553	52887
4814	46766	56191
4815	43704	50488
4816	40863	49223
4817	48041	55164
4818	50353	57520
4819	34961	43590
4820	40702	49228
4821	36985	43807
4822	34234	36279
4823	41655	37035
4824	54167	64362
4825	62666	73407
4829	45242	50949
4830	34041	42257
4849	31137	39853
4850	38462	46214
4852	34761	43519
4854	32904	38953
4855	34353	38158
4856	34652	38368
4858	38854	48710
4859	36904	42364
4860	36099	42294
4861	34997	43876
4865	42840	50325
4868	43386	50590
4869	43379	49820
4870	39891	50386
4871	32907	41563
4872	30785	40101
4873	36601	44689
4874	68378	74420
4875	41645	49665
4876	38340	44139
4877	33487	40610
4878	42460	51371
4879	43541	55125
4880	36704	43532
4881	34694	45184
4882	35264	43491
4883	34758	42422
4884	34510	47510
4885	33395	43380
4886	27251	37045
4887	33280	40293
4888	30613	38780
4890	43753	51296
4891	35855	46381
4895	37130	44720
5000	41507	60342
5006	51606	90614
5007	44693	52227
5008	41559	46940
5009	42315	48233
5010	38188	42858
5011	43583	50016
5012	36795	41319
5013	41235	45603
5014	42364	47525
5015	45145	50906
5016	46689	54778
5017	42284	46881
5018	45928	55322
5019	45496	55210
5020	43606	58065
5021	44392	59457
5022	47415	65729
5023	40372	45459
5024	43349	55122
5025	42469	50222
5031	43466	51936
5032	43201	52721
5033	42583	47805
5034	48237	68476
5035	43312	53487
5037	41903	49202
5038	41398	47878
5039	42737	49980
5040	42220	57566
5041	46920	58942
5042	37788	45590
5043	40909	46057
5044	47134	61797
5045	46173	62775
5046	42143	48334
5047	40474	47381
5048	44390	61590
5049	44483	57149
5050	42479	53996
5051	46370	56637
5052	46606	60325
5061	53239	89856
5062	48842	74893
5063	47924	65610
5064	49182	79882
5065	48114	77137
5066	51405	81446
5067	47826	70130
5068	47188	71669
5069	49588	74462
5070	43087	55042
5072	45168	60429
5073	41615	51895
5074	40917	46819
5075	41467	48344
5076	42861	51852
5081	51670	88652
5082	46522	59254
5083	45814	54039
5084	36060	40135
5085	43177	49485
5086	42248	47366
5087	41665	47583
5088	40597	43724
5089	45447	53785
5090	40755	45013
5091	43671	50572
5092	41905	46591
5093	40636	43935
5094	37041	42892
5095	44665	51011
5096	41285	45779
5097	43512	48909
5098	41564	45889
5107	39614	42516
5108	39892	42551
5109	41401	45913
5110	42254	45727
5111	57769	58460
5112	39193	42479
5113	36245	38090
5114	42406	46765
5115	41021	43564
5116	41870	47156
5117	44647	51454
5118	43658	51320
5120	37674	43743
5121	37121	41331
5125	47477	55141
5126	44355	50326
5127	45485	52310
5131	43460	54852
5132	44646	62641
5133	43711	53391
5134	38796	55721
5136	41678	58067
5137	45232	59183
5140	56024	67252
5141	40546	55757
5142	46788	67478
5144	44826	66814
5151	50207	74786
5152	49433	74828
5153	42719	60483
5154	48545	72442
5155	45729	55733
5156	46881	57614
5157	40099	54545
5158	43960	49852
5159	43354	51004
5161	41599	44696
5162	40245	44300
5163	38359	42773
5164	36646	39135
5165	37658	43419
5166	38187	40860
5167	41459	46944
5168	40001	44894
5169	40768	46103
5170	38843	44621
5171	39024	49540
5172	40292	48273
5173	38738	44671
5174	37932	44732
5201	37563	44797
5202	39756	46423
5203	32946	39479
5204	31560	40732
5210	39266	47189
5211	32477	41074
5212	31665	38804
5213	34161	45916
5214	30964	39615
5220	28223	32716
5222	29986	40137
5223	33095	38869
5231	41709	62195
5232	41227	54804
5233	41079	49321
5234	42830	49795
5235	36482	43950
5238	33292	39808
5240	42538	49096
5241	41765	48394
5242	43064	61429
5243	43420	59904
5244	41407	50703
5245	41806	58291
5250	45547	54858
5251	42136	50750
5252	43106	49009
5253	35843	40096
5254	36491	42127
5255	38352	45106
5256	32528	38727
5259	30813	37297
5260	34970	39117
5261	33456	39210
5262	38754	47595
5264	35411	41990
5265	32590	36231
5266	33524	40426
5267	37099	39949
5268	36831	43083
5270	34311	37372
5271	37509	45988
5272	38956	47653
5275	36576	45508
5276	34877	44423
5277	38120	44261
5278	37460	49611
5280	37747	47736
5290	40336	46734
5291	41457	53674
5301	27524	35015
5302	36706	41645
5304	33510	36989
5307	32962	37896
5320	38092	43766
5322	35142	40436
5330	35025	41351
5332	34793	45403
5333	36556	43396
5340	34677	47879
5341	34616	40467
5342	36672	41229
5343	36973	43305
5344	37667	41629
5345	36527	41717
5350	44462	51794
5351	42506	50593
5352	43317	54235
5353	38603	48348
5355	41589	46771
5356	40258	44308
5360	42633	49042
5371	42443	51908
5372	43638	48877
5373	39640	45636
5374	34861	41843
5400	45020	50524
5401	42263	45885
5412	37139	46017
5413	31672	44857
5417	35669	42158
5422	34354	39991
5431	36967	42937
5433	40680	52246
5434	41359	46271
5451	35394	39639
5452	37177	45622
5453	40625	50477
5454	36362	38809
5460	38372	47754
5461	39291	47330
5462	39405	50429
5464	42350	50286
5473	39105	48886
5480	36509	47167
5481	29849	35832
5482	34991	43284
5485	41900	51202
5491	39793	51531
5495	35006	48380
5501	43017	51855
5502	42214	53943
5520	39360	50265
5522	35840	46444
5523	43725	55482
5540	39651	48575
5550	35401	41204
5554	40963	51966
5555	42429	57229
5556	36797	43341
5558	36018	44168
5560	43670	67207
5571	36047	47153
5573	38713	55385
5575	33050	41199
5576	33129	42090
5577	31415	38454
5580	36247	43226
5581	32366	45983
5582	36927	49439
5583	31986	43782
5600	52825	64269
5602	36814	49486
5603	37415	46746
5605	35892	44750
5606	40957	51152
5607	36710	44869
5608	45576	55798
5609	62996	69355
5631	40518	47912
5633	38442	41560
5640	41928	46741
5641	40797	49608
5652	42018	46774
5670	39917	44527
5680	38041	47494
5690	42137	49896
5700	44311	52587
5710	47496	56810
5723	38635	44653
5725	82540	91421
5731	61891	70193
6000	53748	82784
6003	43664	59822
6004	49511	75050
6005	53821	77407
6006	56662	79369
6007	57269	85368
6008	61678	101644
6009	57645	131917
6010	57603	109963
6011	69228	144273
6012	55878	115752
6014	55218	91247
6015	63850	130228
6016	54090	74407
6017	48316	58350
6018	54856	76069
6019	55362	76005
6020	52600	80017
6021	49123	65033
6022	48666	59743
6023	51232	71113
6024	47871	58915
6025	50829	70028
6026	50186	64785
6027	48917	63079
6028	51979	70326
6029	58050	90048
6030	46953	60921
6031	50530	60544
6033	44953	60188
6034	53927	63561
6035	48616	61318
6036	49923	62429
6037	44078	60191
6038	56129	65088
6041	36672	54967
6044	37720	57473
6050	55085	91904
6051	52508	66099
6052	52306	68877
6053	52725	66917
6054	49224	59576
6055	53769	67295
6056	48518	59191
6057	51980	62227
6058	50152	58132
6059	47089	64012
6060	51118	63843
6061	43592	49534
6062	44647	54461
6063	45065	51967
6064	42639	49273
6065	50682	62109
6066	45635	54167
6069	53869	64610
6070	50053	72329
6071	47970	68101
6072	47509	61235
6073	45320	63697
6074	46784	63334
6076	48442	67076
6077	46840	75360
6078	49868	70380
6081	49626	65207
6082	47902	62660
6083	48058	71119
6084	49829	63714
6100	50453	67284
6101	50333	63264
6102	37736	48563
6103	49878	63080
6104	49273	64364
6105	46697	55217
6107	44821	52840
6108	45773	54011
6109	44553	51235
6110	47649	56516
6111	46863	58264
6112	49873	59467
6121	50341	66679
6122	53828	67371
6123	47891	60729
6124	47028	64423
6125	49393	67866
6147	43460	51486
6148	45748	65259
6149	46972	64498
6150	42869	64596
6151	56657	94990
6152	51291	72705
6153	52904	111865
6154	47812	70619
6155	47594	61380
6156	55358	81809
6157	54324	76193
6158	56588	87497
6159	62416	100933
6160	48042	71876
6162	50070	72912
6163	47983	61745
6164	53684	66343
6166	51891	69985
6167	49354	58995
6168	47790	60136
6169	48057	62693
6170	52589	62165
6171	56900	69100
6172	51819	65956
6173	58621	75805
6174	49293	66339
6175	54503	71331
6176	47511	66451
6180	51486	65115
6181	48203	68673
6207	46341	63453
6208	44857	62579
6209	42430	60180
6210	44688	63547
6211	42812	64408
6213	44653	60064
6214	40473	58320
6215	47156	64577
6218	36982	49878
6220	44268	56803
6224	44564	56860
6225	48558	66998
6226	51722	70999
6227	50491	64091
6230	46656	63322
6232	48484	61412
6233	49575	66174
6236	42812	58046
6237	47116	63719
6239	37414	52512
6244	37206	47563
6251	36899	46998
6253	29458	43863
6254	36469	52740
6255	37465	51430
6258	39078	48005
6260	35768	48759
6262	34492	48265
6271	42736	55270
6275	32958	44490
6280	40509	54200
6281	42011	61450
6282	36996	57321
6284	40982	58293
6285	37428	50370
6286	33507	44234
6288	32124	41739
6290	32596	44131
6302	41126	55006
6304	42433	58179
6306	44597	66103
6308	47598	63401
6311	50807	58017
6312	44669	54360
6315	40889	51692
6316	49857	72371
6317	41968	49831
6318	41925	64697
6320	44827	55898
6321	33549	42059
6323	37560	44816
6324	36172	45609
6326	34820	40380
6328	37225	49509
6330	39967	49880
6333	33546	46446
6335	48622	65502
6336	46376	61408
6337	55023	67562
6338	42263	58573
6346	55492	70940
6348	47396	63839
6350	52398	63683
6353	52100	66084
6355	63244	91955
6359	52155	72654
6365	52314	65798
6367	50170	63332
6369	49077	65941
6370	48413	55972
6375	51113	63946
6383	56827	75988
6390	64286	74528
6391	46711	61519
6392	48661	56122
6395	38802	50027
6396	37849	47859
6398	30143	42289
6401	46650	56947
6405	52065	59179
6407	50948	63196
6409	55000	69866
6410	42469	57664
6415	48618	58134
6418	57309	74318
6426	51992	66844
6429	54748	61533
6430	63351	73488
6432	57400	67154
6438	47899	54062
6440	42336	50906
6442	72463	77829
6443	42484	52914
6448	36022	47498
6450	43160	55479
6460	47241	62218
6461	44686	62541
6468	45527	59857
6475	45893	53681
6479	39263	46107
6485	50282	66761
6501	47619	60777
6502	37209	52558
6503	37111	47391
6507	45323	59002
6510	44595	53960
6511	39856	62540
6514	37423	60899
6515	39450	52983
6516	43316	61741
6517	46634	53029
6519	37579	51053
6521	36589	46942
6522	47739	63674
6525	43431	63836
6528	37985	50736
6530	46800	59861
6532	50222	62485
6535	34277	48081
6536	36588	52491
6537	41174	49693
6556	48371	60092
6558	44753	54307
6560	46799	55403
6562	42853	56892
6564	41654	54705
6566	41094	54936
6603	46935	58568
6609	45817	54142
6620	40919	52942
6623	46811	55043
6630	46792	54806
6638	38837	49975
6642	43862	52798
6701	42021	53571
6707	48284	62821
6710	95841	122384
6713	103230	114920
6714	78540	91938
6716	117686	105456
6718	43353	51862
6720	95030	96167
6721	87426	99725
6722	75596	84258
6725	49647	59096
6726	52960	63766
6728	46200	54646
6740	48788	59874
6743	50044	60101
6751	90277	90084
6753	76696	89071
6754	115356	101331
6765	37170	46554
6770	42126	49553
6798	74375	73953
6799	44392	50025
7000	44514	59423
7004	43773	61861
7005	42068	67715
7007	47827	61165
7008	45301	54529
7009	40064	44430
7010	39624	42695
7011	40622	43777
7012	43763	47309
7015	43740	50779
7016	36672	39362
7017	44571	49598
7018	43145	51441
7019	39104	41946
7020	44987	54086
7021	43886	51892
7022	41855	46654
7024	44481	53785
7025	41467	51254
7026	37113	41892
7030	39047	43683
7050	42041	49453
7052	43817	53801
7053	45865	61505
7054	43536	51549
7055	44462	47864
7109	36867	45512
7112	31521	41191
7113	37392	43139
7116	34311	41618
7117	36616	47270
7120	32395	36677
7140	37283	42469
7150	36227	46345
7155	36366	47550
7162	33529	47239
7170	45441	57265
7171	42135	46592
7172	39464	44905
7173	38979	43733
7177	34890	38936
7179	30709	40782
7184	29610	34910
7190	32126	38719
7209	35423	50201
7210	34939	41393
7212	39216	47144
7214	31432	41455
7215	31605	41369
7216	29051	37606
7248	35476	39619
7249	40461	46012
7250	41621	52441
7252	41527	51694
7253	37777	45086
7254	36100	40146
7255	33754	44141
7256	39007	47312
7258	46037	66700
7259	36966	41973
7260	36016	40260
7262	35969	44181
7263	30537	39657
7264	29586	39168
7267	38805	42687
7268	41575	47115
7270	34175	42631
7275	36691	45055
7276	35889	41416
7277	41054	49236
7290	41558	45458
7291	41143	48663
7292	37296	44398
7300	41342	48027
7301	39319	47585
7302	36749	43023
7303	35798	43851
7304	32746	40280
7305	37610	41506
7306	33651	41234
7307	39026	47269
7310	37549	45142
7315	37894	45653
7316	39869	48257
7320	40160	48356
7321	38687	45615
7322	40461	48548
7325	38551	45943
7330	40320	45652
7331	41123	50453
7467	41758	49518
7468	44423	52549
7469	43261	55242
7470	52299	65668
650	45471	60714
258	45471	60714
509	45471	60714
376	45471	60714
280	45471	60714
308	45471	60714
403	45471	60714
273	45471	60714
351	45471	60714
412	45471	60714
457	45471	60714
222	45471	60714
517	45471	60714
366	45471	60714
456	45471	60714
711	45471	60714
235	45471	60714
301	45471	60714
335	45471	60714
288	45471	60714
220	45471	60714
265	45471	60714
510	45471	60714
526	45471	60714
304	45471	60714
607	45471	60714
284	45471	60714
706	45471	60714
725	45471	60714
252	45471	60714
317	45471	60714
221	45471	60714
